23 1601393349 992041674
5 1700252229 1825057936
6 153098481 474568209
11 1462097686 329068649
25 1150107091 543019875
24 1871888152 228039921
0 1812580953 978585824
0 1409313747 897302885
8 339823880 157416978
5 254330282 1455262095
15 1561789766 909171796
0 2004596093 461940377
17 2009667427 615038858
26 588859273 2077136544
30 710082388 1079759987
15 1892943278 804164491
15 1379794246 469261796
21 1457857126 1878575543
7 1490175302 70915775
22 1296423279 325246058
10 646528916 1887035824
3 988676228 1744148269
13 1008397828 1606332048
13 1502687637 47707674
0 178562447 757790062
12 1544940781 503249692
16 991875388 1883043938
8 1417395820 1193417416
7 592735489 536109071
17 2072975784 1832532350
